Sorted Array Size = 1000
1
2
2
2
2
3
5
6
6
9
9
9
10
11
12
13
13
17
17
19
20
20
21
23
23
25
26
26
26
27
27
29
29
30
31
31
32
33
34
36
36
36
42
44
44
44
46
46
46
47
51
51
51
52
53
53
53
53
54
54
55
56
58
62
63
65
65
66
67
68
68
68
70
73
74
74
74
75
78
80
81
82
83
84
85
85
85
86
86
88
88
89
90
93
94
94
95
97
97
99
100
101
102
102
103
103
104
104
106
106
108
109
111
113
114
114
115
115
115
116
116
117
118
119
119
119
119
119
120
120
121
123
123
123
124
124
125
125
125
126
126
128
128
128
129
130
131
131
134
137
138
138
138
139
139
141
146
148
148
148
148
149
152
153
153
153
155
156
158
161
162
163
163
166
167
169
172
173
173
173
173
178
178
180
180
183
187
187
188
190
191
192
192
192
192
194
197
197
198
199
200
201
205
207
208
209
210
211
212
214
214
216
216
216
217
218
219
219
221
221
223
226
226
226
228
230
230
233
233
235
235
236
237
237
238
239
239
239
242
243
243
243
244
245
246
246
248
249
249
249
250
251
253
254
256
256
258
258
261
262
263
264
268
269
269
271
274
275
277
279
280
282
283
284
285
286
286
286
288
288
289
289
290
290
290
291
293
295
295
296
296
296
298
298
299
300
301
301
302
302
303
304
304
309
309
309
309
311
311
312
313
314
316
316
316
316
317
318
320
320
322
324
324
326
327
328
328
331
331
333
333
337
337
338
339
339
342
342
343
347
348
349
350
350
350
351
352
353
354
355
356
356
356
357
357
358
360
361
362
362
363
363
364
366
368
369
373
373
376
376
378
378
378
379
380
380
380
384
385
385
387
388
388
389
391
392
393
394
395
396
397
398
398
398
400
401
402
402
403
405
406
408
409
410
412
413
413
413
414
414
417
417
419
419
422
422
423
423
427
428
429
429
432
432
432
433
434
437
439
439
441
443
444
445
445
446
446
447
447
447
450
450
451
451
452
453
454
454
454
454
455
455
456
456
457
457
458
460
460
461
463
463
465
465
466
466
468
469
469
470
470
471
473
474
475
475
475
475
476
476
478
478
479
480
483
484
484
486
487
489
489
489
490
492
493
493
494
494
495
495
498
500
501
502
503
504
505
505
505
506
506
508
508
511
514
514
515
516
516
517
518
520
522
523
523
525
525
525
526
527
528
528
529
530
530
534
534
538
539
540
540
541
541
544
544
547
549
550
551
551
552
552
553
553
555
555
556
557
558
560
560
561
561
562
562
564
565
568
570
570
572
573
573
574
575
575
577
579
579
580
580
583
584
586
589
589
590
593
594
594
595
595
595
596
596
597
598
598
599
601
601
605
606
607
607
607
609
610
610
611
611
612
613
616
617
617
617
618
618
619
620
623
623
623
624
626
627
627
629
629
629
629
631
631
636
636
637
637
637
638
638
639
640
640
641
641
641
643
644
644
644
645
645
645
646
648
650
650
653
656
656
656
656
658
659
660
666
667
668
669
672
672
673
674
674
676
676
677
677
680
680
681
681
684
684
685
685
685
686
690
690
690
691
691
693
694
697
700
701
701
702
702
703
704
704
705
708
711
719
720
721
722
723
724
724
725
727
728
729
730
731
733
734
735
735
735
736
737
737
738
738
739
739
741
741
741
742
747
748
748
749
752
753
754
755
755
755
757
757
758
758
760
760
761
762
763
764
765
765
766
767
767
768
769
769
770
770
772
772
774
776
778
779
780
780
782
782
784
785
785
786
786
788
789
789
790
794
795
801
802
802
802
803
803
804
807
809
809
810
811
811
811
811
812
813
815
815
819
819
819
821
821
822
822
824
825
826
827
827
828
829
830
831
834
836
836
838
839
840
841
841
843
843
843
843
845
848
849
851
851
851
852
854
854
855
857
857
858
859
860
862
862
863
864
865
866
868
870
873
873
873
874
875
875
876
876
877
877
878
879
879
880
881
882
882
883
885
886
888
888
890
894
896
896
896
897
898
899
899
899
901
901
903
903
905
905
908
908
908
912
913
914
915
915
917
917
919
919
919
921
922
923
924
931
931
931
934
935
936
938
938
938
939
939
941
941
941
942
943
944
944
944
944
945
946
947
947
948
952
953
955
956
957
958
958
959
959
960
961
961
962
965
967
967
969
970
970
971
971
972
972
973
974
975
976
976
976
977
978
979
980
980
980
981
981
981
982
982
985
986
986
986
987
987
988
989
989
990
990
990
991
991
992
993
994
994
997
998
998
1000
